0.000000000000000000e+00 -4.068701809011601722e-02
1.269330365086785151e-01 1.095379852875270954e+00
2.538660730173570301e-01 8.242180140187407300e-01
3.807991095260355729e-01 8.953245294102842866e-01
5.077321460347140603e-01 2.232806673796638108e+00
6.346651825433925476e-01 1.641698827321191212e+00
7.615982190520711459e-01 2.340539002314353745e+00
8.885312555607496332e-01 1.722476225534198990e+00
1.015464292069428121e+00 1.949644390040055519e+00
1.142397328578106608e+00 1.542356414511680374e+00
1.269330365086785095e+00 1.264082912478883713e+00
1.396263401595463582e+00 1.522464136612142083e+00
1.523196438104142292e+00 1.472199209447135004e+00
1.650129474612820779e+00 1.747768268747901033e+00
1.777062511121499266e+00 1.297110038933703136e+00
1.903995547630177754e+00 1.547981291521296709e+00
2.030928584138856241e+00 1.050189283457067857e+00
2.157861620647534728e+00 1.837587782085063015e+00
2.284794657156213216e+00 7.001965646736060256e-01
2.411727693664891703e+00 2.024312193462462606e+00
2.538660730173570190e+00 1.973597949728071566e+00
2.665593766682248678e+00 1.536795018207802510e+00
2.792526803190927165e+00 2.128024583037101625e+00
2.919459839699605652e+00 3.092035899773400320e+00
3.046392876208284584e+00 3.273558162517699266e+00
3.173325912716963071e+00 3.423919746833323341e+00
3.300258949225641558e+00 2.914069146358253093e+00
3.427191985734320046e+00 3.929955998900837688e+00
3.554125022242998533e+00 4.155647329186792582e+00
3.681058058751677020e+00 5.297630628400601616e+00
3.807991095260355507e+00 5.143526844999148473e+00
3.934924131769033995e+00 4.517694299429259708e+00
4.061857168277712482e+00 5.204294614307920064e+00
4.188790204786391413e+00 4.788410559297307856e+00
4.315723241295069457e+00 4.571297112912706240e+00
4.442656277803748388e+00 5.236170796357569657e+00
4.569589314312426431e+00 4.432297117443670054e+00
4.696522350821105363e+00 5.393797101479701261e+00
4.823455387329783406e+00 4.254120585841841162e+00
4.950388423838462337e+00 3.910444887488698562e+00
5.077321460347140381e+00 3.894445778252018986e+00
5.204254496855819312e+00 4.222171943975963515e+00
5.331187533364497355e+00 5.130497620081584387e+00
5.458120569873176287e+00 3.934501643968923990e+00
5.585053606381854330e+00 5.368804175788048916e+00
5.711986642890533261e+00 4.521073151351464148e+00
5.838919679399211304e+00 4.479937893727163001e+00
5.965852715907890236e+00 4.634903694021993203e+00
6.092785752416569167e+00 5.958268172613640168e+00
6.219718788925247210e+00 7.214537297546820938e+00
