1.704184179442553404e+00 1.137226719490287863e+00
4.187001696262056427e+00 -9.566309634799408101e-01
4.939342052926674498e+00 -8.680403318383380640e-01
4.570546965549438845e+00 -1.032692807725258843e+00
5.273732145979991515e+00 -6.861967559404640316e-01
1.789962035296142284e+00 8.874231208287173267e-01
6.180035949984816313e+00 8.124240621186107347e-02
2.162108532644545278e+00 8.679581650577439245e-01
5.791467224166438887e-01 6.928579337366833624e-01
4.395002015335902623e-02 1.599080849990382469e-01
4.969207842910853046e+00 -9.682008330591178602e-01
4.388510754693125904e+00 -1.137874246301159298e+00
5.492198636508661913e+00 -4.808028251684399179e-01
3.853280511384657103e+00 -7.641036885595406947e-01
4.136685356046939432e+00 -7.627212364192722527e-01
4.755927249354120256e+00 -1.108589963979307758e+00
2.171516949508832450e+00 8.859880335221977932e-01
3.251983125679001940e+00 -3.237860338189945120e-01
5.263271814431440099e+00 -6.593968185737049126e-01
4.998942507727495155e+00 -8.291958753677602934e-01
3.968638432101581515e+00 -7.293832579062240473e-01
2.501173986897923918e+00 8.278766340008918423e-01
1.359715934672443227e+00 1.149742005942491208e+00
2.150231345619166845e+00 6.181947365655311444e-01
5.103315563993936266e+00 -1.000962658887015078e+00
3.911333306468615323e+00 -6.615052578268684202e-01
6.105725125038400591e+00 -6.372363048917725759e-02
3.025982574792013935e+00 9.713987265440247876e-02
5.479756941034231721e-01 3.333786097551454941e-01
8.252466051745462883e-01 7.341915533021345919e-01
1.912411257951971644e+00 9.992878327485618106e-01
5.466590114990203197e+00 -6.922406341990556822e-01
4.276136225410944292e+00 -9.432405328636550568e-01
4.685280852501947924e-01 5.763039949807617912e-01
5.184967603301206651e+00 -9.595999391437941561e-01
2.082417992879019408e+00 6.831683504168239995e-01
3.067505918238425000e+00 1.047830079411474491e-01
5.565636135526214723e+00 -8.446067958669873921e-01
5.817975159399742857e+00 -5.639338277989045523e-01
4.787074617055240289e+00 -7.968453537759025984e-01
3.820199727015819224e+00 -5.316012464815362826e-01
3.907465441185589139e+00 -5.183731724133258112e-01
6.804078586093081048e-03 -3.354472154528261030e-02
1.093608250840111928e+00 8.023911198418562929e-01
2.945306702017944200e+00 2.327133791856431932e-01
3.706135331509779363e+00 -3.525804955500779214e-01
3.528642272539300073e+00 -3.962350931785575958e-01
2.150504549024818690e+00 6.296977309690524605e-01
6.049371314387853360e+00 -1.664518147388032721e-01
3.972827411726835845e+00 -7.764197260719383209e-01
4.666545964970564064e+00 -8.630183874605061867e-01
2.352792518728290538e+00 4.630624652270697861e-01
2.662830074177540585e+00 4.663622763766105406e-01
3.956343337869727250e+00 -8.167783299671547148e-01
3.860373612838607360e-01 5.771614704376069049e-01
3.152083778683635096e+00 -2.413567116717591499e-01
8.475841405524725536e-01 5.439152427124283040e-01
1.156404691907514382e+00 7.478735951926580583e-01
4.454341879733369147e+00 -1.035687400933241076e+00
3.995192944158758586e+00 -9.582589818954089234e-01
4.638005869494158162e+00 -8.637650077101624024e-01
2.865197969649762033e+00 3.060053019729784274e-01
5.098047883077658327e+00 -1.160263734255988943e+00
6.174521252397522808e+00 -3.099104224915819050e-01
3.401358593113905204e+00 -4.949908618387353632e-01
5.093014823229180088e+00 -7.235985268028914952e-01
4.204628074977401653e+00 -9.989099955504230355e-01
1.717366901755264630e+00 1.164612571795394569e+00
2.775410834744039601e+00 2.981363302305269913e-01
4.159661906213002247e+00 -7.362019867141158525e-01
5.972390381087994804e+00 -1.536787722880354479e-01
3.833236136753434220e+00 -5.698063663297546766e-01
5.878534218216372231e+00 -3.149516170847604934e-01
5.748651748807586115e-01 6.554741924841211986e-01
5.498216972035108618e+00 -4.769067757934740137e-01
1.669727977466865632e+00 8.173546701336140696e-01
7.224945959844492060e-01 6.495748478891120170e-01
5.361513963838386410e+00 -1.035776073273781073e+00
1.907694903951723475e+00 7.992025179599282492e-01
4.501402580196447900e+00 -8.571487186202202402e-01
3.220662133267407912e-01 4.099682394748689895e-01
3.656057342056553416e+00 -3.920963122571646253e-01
3.312905467100651702e+00 -2.216882778650802743e-01
7.218701525038864752e-02 -1.434382796652179937e-01
2.132047483116277231e+00 1.004147961916737497e+00
4.217529296415767348e+00 -1.128717520155243736e+00
4.927991394564944727e+00 -1.198919981960116621e+00
5.670286510652188028e+00 -5.836592514503939899e-01
2.320218806310197501e-01 1.706665705427288793e-01
4.312833240595621120e+00 -7.365211960007319592e-01
4.646312194641708970e+00 -9.788860815170969953e-01
3.453202279452097234e-01 4.244371596448011652e-01
2.675956067826991358e+00 5.209249069142645183e-01
3.925998698633286654e+00 -6.487875771527080726e-01
1.803872017071612932e+00 9.677538527807361124e-01
5.108326017268126407e+00 -1.138711320947911165e+00
5.407958972278599674e+00 -6.916359501538911214e-01
3.484207971043598029e+00 -2.936687430007402511e-01
4.540084322334611677e+00 -9.670512430848285934e-01
5.117250263151875700e+00 -7.115751719531333563e-01
6.580059180113684292e-01 8.528648440993502611e-01
7.960335583505749601e-02 -1.381299396750898245e-01
5.195573070432980778e+00 -1.073114998594653313e+00
3.148909710973987863e+00 2.765644285261163390e-02
3.483389434984336841e+00 -3.175114173899598602e-01
3.208380119695225297e+00 1.386082598370650398e-01
1.631143027451941840e+00 8.023585312214677190e-01
4.324215662840394714e+00 -9.631106949561130115e-01
2.166258270482320114e+00 6.475482249253943223e-01
4.417400083214676698e+00 -8.624248544552298723e-01
5.150613480882039852e+00 -1.063261196532973019e+00
5.121489337988823998e+00 -9.381249213118796337e-01
2.008710252853245226e-01 2.507876970863791022e-01
2.435367936855851845e+00 4.431139944237046380e-01
4.092585115731496970e+00 -6.649939012702995589e-01
3.897399015419367174e+00 -6.597387892821291455e-01
1.288328239069185699e+00 7.417841045406620148e-01
3.261014094679187458e+00 4.719098557768441893e-02
6.086477287134167469e+00 -3.648236462059858409e-01
2.927166809066777287e+00 -1.802043076837631097e-02
6.194030444637159682e+00 -2.317685342353389411e-01
5.423881743660166954e+00 -5.734415997131536713e-01
3.758927661146670984e-01 5.864496319826302262e-01
2.644238566169654914e-01 3.230536731705376252e-01
5.785971825544995006e+00 -4.568019087704416337e-01
5.967272896004149452e+00 -3.693189342254741270e-01
1.333791888881180610e+00 7.769850348054618827e-01
5.100427486547073563e+00 -1.028035855981868529e+00
5.975965305069833811e+00 -3.924589892594715357e-01
2.061948705658382952e+00 9.709258795301205502e-01
1.980701876857846599e+00 8.089435830486577661e-01
3.687477587536766688e+00 -5.810010507215956910e-01
1.201538315207721030e+00 9.350489078000525645e-01
1.472891321147204335e+00 1.191846380658790672e+00
6.067460903673167039e+00 -1.466155973939595181e-01
2.787450064998199917e+00 3.891245153316202354e-01
9.110256692869139750e-01 8.526269880155789016e-01
4.996289637399963013e+00 -7.370166773184170239e-01
5.236861931721609409e+00 -6.604985631654889389e-01
2.182041393450870892e+00 1.057143843553443929e+00
2.043451607241379142e-01 7.761412485603649825e-02
1.216605151709552635e+00 1.180032671426259672e+00
2.713913565198737388e+00 2.445209221787335019e-01
5.576514300961628479e+00 -8.053354435612483098e-01
5.516443914194939069e+00 -9.089531544833717724e-01
4.674154748068202636e+00 -1.163572555902443240e+00
1.438673472543253951e+00 1.081998538685703615e+00
3.134227665340517444e+00 1.837506822828218200e-01
4.265622118293619813e+00 -1.149880907164788857e+00
5.772561881471407474e+00 -6.138596711018015073e-01
5.110739554084549052e-01 7.227604391142279372e-01
6.178864291917964380e+00 -2.639084551085463803e-01
1.320175611193606491e+00 9.215537544170020468e-01
5.793322350927301301e+00 -6.680585279439328339e-01
4.989346803875276848e+00 -1.026016862828343479e+00
1.997891038413047937e+00 1.159868680104046534e+00
2.013330147967165029e+00 1.071192486114154185e+00
5.645018269609145101e+00 -7.205325300366622887e-01
4.509109433401330413e+00 -1.191857563218225780e+00
5.598375516031296684e+00 -4.515909897911873916e-01
2.510868621450344840e+00 3.917873090638069877e-01
5.586046592880074435e+00 -6.909012386511921289e-01
3.637375821050419678e+00 -4.214494706389355083e-01
5.345191704763406770e-01 3.477138988347265314e-01
1.505046476771648267e+00 8.395132261894240333e-01
2.570116922564547046e+00 3.256684828250621111e-01
2.868173024493088086e+00 7.381948487441730711e-02
9.965704404200533828e-01 7.402393350848776032e-01
4.421599846078678731e+00 -7.924142037879111644e-01
4.939467825218993191e+00 -1.150155600588556926e+00
3.866156791884805433e+00 -6.247030624026481682e-01
3.992618175765175526e+00 -8.959407499505396277e-01
2.199030043416573488e+00 7.271316706687624976e-01
5.929475447886631834e+00 -1.723356719811145465e-01
1.088045964922233599e+00 6.400439402519896293e-01
2.864303914484174651e+00 4.906820367990496479e-01
4.832369942210346991e+00 -7.989115628240548439e-01
6.116735977961123005e+00 -4.008396578728866677e-01
5.901344793067645256e+00 -4.144038539475380367e-01
3.192230543469681603e+00 -2.643553567432850582e-02
4.968078657126638653e+00 -9.490452522181871409e-01
4.601968050385557341e+00 -1.000165510905264510e+00
4.811724398438502526e+00 -1.002149827183224984e+00
1.264851685790156388e+00 9.578555520543458046e-01
2.352124109041527689e+00 7.414467038165506452e-01
5.456178516039484450e+00 -8.874398013153880216e-01
2.854516188915043440e+00 5.234932078281084866e-01
5.188496559475153092e+00 -6.735627606092051689e-01
1.939452549741687903e+00 1.011843279135354656e+00
4.289220615707858286e+00 -6.867304358366145278e-01
1.668924557530387709e+00 1.000365481183513872e+00
1.853431183185751951e+00 7.133875325044629623e-01
4.817049808767873142e-01 5.670532668662180420e-01
3.982124852991751229e+00 -7.106598129276240350e-01
2.575311197439890343e+00 4.008846568544538469e-01
3.365843372419784707e+00 -3.227206468322442734e-01
4.918092200191644281e+00 -8.359793539687370156e-01
4.267954409795735593e+00 -9.305472359555149175e-01
4.555473779300769799e+00 -1.231481196470373130e+00
2.442886105906273642e+00 4.867711796848948058e-01
